0    1
0.01    1
0.02    0.999999
0.03    0.999998
0.04    0.999996
0.05    0.999993
0.06    0.99999
0.07    0.999986
0.08    0.999982
0.09    0.999977
0.1    0.999972
0.11    0.999966
0.12    0.99996
0.13    0.999953
0.14    0.999946
0.15    0.999939
0.16    0.999932
0.17    0.999925
0.18    0.999917
0.19    0.99991
0.2    0.999902
0.21    0.999895
0.22    0.999888
0.23    0.999881
0.24    0.999874
0.25    0.999868
0.26    0.999862
0.27    0.999857
0.28    0.999852
0.29    0.999848
0.3    0.999844
0.31    0.99984
0.32    0.999838
0.33    0.999836
0.34    0.999834
0.35    0.999833
0.36    0.999833
0.37    0.999834
0.38    0.999835
0.39    0.999837
0.4    0.99984
0.41    0.999843
0.42    0.999847
0.43    0.999851
0.44    0.999856
0.45    0.999861
0.46    0.999867
0.47    0.999873
0.48    0.999879
0.49    0.999886
0.5    0.999893
0.51    0.999901
0.52    0.999908
0.53    0.999915
0.54    0.999923
0.55    0.99993
0.56    0.999938
0.57    0.999945
0.58    0.999952
0.59    0.999958
0.6    0.999964
0.61    0.99997
0.62    0.999976
0.63    0.999981
0.64    0.999985
0.65    0.999989
0.66    0.999993
0.67    0.999995
0.68    0.999998
0.69    0.999999
0.7    1
0.71    1
0.72    1
0.73    0.999998
0.74    0.999997
0.75    0.999994
0.76    0.999991
0.77    0.999987
0.78    0.999983
0.79    0.999978
0.8    0.999973
0.81    0.999967
0.82    0.999961
0.83    0.999955
0.84    0.999948
0.85    0.999941
0.86    0.999934
0.87    0.999926
0.88    0.999919
0.89    0.999912
0.9    0.999904
0.91    0.999897
0.92    0.99989
0.93    0.999883
0.94    0.999876
0.95    0.99987
0.96    0.999864
0.97    0.999858
0.98    0.999853
0.99    0.999849
1    0.999845
1.01    0.999841
1.02    0.999838
1.03    0.999836
1.04    0.999834
1.05    0.999834
1.06    0.999833
1.07    0.999834
1.08    0.999835
1.09    0.999837
1.1    0.999839
1.11    0.999842
1.12    0.999846
1.13    0.99985
1.14    0.999854
1.15    0.99986
1.16    0.999865
1.17    0.999871
1.18    0.999878
1.19    0.999885
1.2    0.999892
1.21    0.999899
1.22    0.999906
1.23    0.999914
1.24    0.999921
1.25    0.999928
1.26    0.999936
1.27    0.999943
1.28    0.99995
1.29    0.999957
1.3    0.999963
1.31    0.999969
1.32    0.999975
1.33    0.99998
1.34    0.999984
1.35    0.999988
1.36    0.999992
1.37    0.999995
1.38    0.999997
1.39    0.999999
1.4    1
1.41    1
1.42    1
1.43    0.999999
1.44    0.999997
1.45    0.999995
1.46    0.999992
1.47    0.999988
1.48    0.999984
1.49    0.99998
1.5    0.999974
1.51    0.999969
1.52    0.999963
1.53    0.999956
1.54    0.99995
1.55    0.999943
1.56    0.999936
1.57    0.999928
1.58    0.999921
1.59    0.999913
1.6    0.999906
1.61    0.999899
1.62    0.999891
1.63    0.999884
1.64    0.999878
1.65    0.999871
1.66    0.999865
1.67    0.99986
1.68    0.999854
1.69    0.99985
1.7    0.999845
1.71    0.999842
1.72    0.999839
1.73    0.999837
1.74    0.999835
1.75    0.999834
1.76    0.999833
1.77    0.999834
1.78    0.999835
1.79    0.999836
1.8    0.999838
1.81    0.999841
1.82    0.999845
1.83    0.999849
1.84    0.999853
1.85    0.999858
1.86    0.999864
1.87    0.99987
1.88    0.999876
1.89    0.999883
1.9    0.99989
1.91    0.999897
1.92    0.999904
1.93    0.999912
1.94    0.999919
1.95    0.999927
1.96    0.999934
1.97    0.999941
1.98    0.999948
1.99    0.999955
2    0.999961
2.01    0.999968
2.02    0.999973
2.03    0.999979
2.04    0.999983
2.05    0.999987
2.06    0.999991
2.07    0.999994
2.08    0.999997
2.09    0.999998
2.1    1
2.11    1
2.12    1
2.13    0.999999
2.14    0.999998
2.15    0.999995
2.16    0.999993
2.17    0.999989
2.18    0.999985
2.19    0.999981
2.2    0.999976
2.21    0.99997
2.22    0.999964
2.23    0.999958
2.24    0.999951
2.25    0.999945
2.26    0.999937
2.27    0.99993
2.28    0.999923
2.29    0.999915
2.3    0.999908
2.31    0.999901
2.32    0.999893
2.33    0.999886
2.34    0.99988
2.35    0.999873
2.36    0.999867
2.37    0.999861
2.38    0.999856
2.39    0.999851
2.4    0.999847
2.41    0.999844
2.42    0.999841
2.43    0.999838
2.44    0.999836
2.45    0.999835
2.46    0.999835
2.47    0.999835
2.48    0.999836
2.49    0.999838
2.5    0.99984
2.51    0.999843
2.52    0.999847
2.53    0.999851
2.54    0.999856
2.55    0.999862
2.56    0.999868
2.57    0.999874
2.58    0.999881
2.59    0.999888
2.6    0.999896
2.61    0.999904
2.62    0.999912
2.63    0.999921
2.64    0.99993
2.65    0.999939
2.66    0.999948
2.67    0.999957
2.68    0.999966
2.69    0.999975
2.7    0.999984
2.71    0.999992
2.72    1
2.73    1.00001
2.74    1.00002
2.75    1.00003
2.76    1.00003
2.77    1.00004
2.78    1.00005
2.79    1.00006
2.8    1.00007
2.81    1.00007
2.82    1.00008
2.83    1.00009
2.84    1.0001
2.85    1.00011
2.86    1.00011
2.87    1.00012
2.88    1.00013
2.89    1.00014
2.9    1.00015
2.91    1.00017
2.92    1.00018
2.93    1.0002
2.94    1.00021
2.95    1.00023
2.96    1.00025
2.97    1.00027
2.98    1.0003
2.99    1.00033
3    1.00036
3.01    1.00039
3.02    1.00043
3.03    1.00047
3.04    1.00052
3.05    1.00057
3.06    1.00063
3.07    1.00069
3.08    1.00076
3.09    1.00083
3.1    1.00092
3.11    1.00101
3.12    1.0011
3.13    1.00121
3.14    1.00133
3.15    1.00145
3.16    1.00159
3.17    1.00174
3.18    1.0019
3.19    1.00207
3.2    1.00225
3.21    1.00245
3.22    1.00267
3.23    1.0029
3.24    1.00315
3.25    1.00341
3.26    1.0037
3.27    1.00401
3.28    1.00433
3.29    1.00468
3.3    1.00506
3.31    1.00546
3.32    1.00588
3.33    1.00634
3.34    1.00682
3.35    1.00733
3.36    1.00788
3.37    1.00847
3.38    1.00908
3.39    1.00974
3.4    1.01044
3.41    1.01118
3.42    1.01197
3.43    1.0128
3.44    1.01368
3.45    1.01462
3.46    1.01561
3.47    1.01665
3.48    1.01776
3.49    1.01893
3.5    1.02016
3.51    1.02146
3.52    1.02284
3.53    1.02429
3.54    1.02581
3.55    1.02742
3.56    1.02912
3.57    1.0309
3.58    1.03278
3.59    1.03476
3.6    1.03683
3.61    1.03901
3.62    1.0413
3.63    1.04371
3.64    1.04623
3.65    1.04888
3.66    1.05165
3.67    1.05456
3.68    1.05761
3.69    1.0608
3.7    1.06414
3.71    1.06763
3.72    1.07128
3.73    1.0751
3.74    1.07909
3.75    1.08326
3.76    1.08761
3.77    1.09216
3.78    1.0969
3.79    1.10184
3.8    1.107
3.81    1.11238
3.82    1.11798
3.83    1.12381
3.84    1.12989
3.85    1.13621
3.86    1.1428
3.87    1.14965
3.88    1.15677
3.89    1.16418
3.9    1.17188
3.91    1.17989
3.92    1.1882
3.93    1.19685
3.94    1.20582
3.95    1.21514
3.96    1.22481
3.97    1.23485
3.98    1.24527
3.99    1.25608
4    1.26729
4.01    1.27891
4.02    1.29097
4.03    1.30347
4.04    1.31642
4.05    1.32984
4.06    1.34375
4.07    1.35816
4.08    1.37309
4.09    1.38854
4.1    1.40455
4.11    1.42112
4.12    1.43827
4.13    1.45602
4.14    1.47439
4.15    1.4934
4.16    1.51306
4.17    1.53339
4.18    1.55441
4.19    1.57615
4.2    1.59862
4.21    1.62184
4.22    1.64583
4.23    1.67061
4.24    1.69621
4.25    1.72264
4.26    1.74992
4.27    1.77807
4.28    1.80712
4.29    1.83708
4.3    1.86797
4.31    1.8998
4.32    1.93261
4.33    1.9664
4.34    2.00118
4.35    2.03699
4.36    2.07381
4.37    2.11168
4.38    2.1506
4.39    2.19057
4.4    2.23161
4.41    2.27371
4.42    2.31688
4.43    2.36111
4.44    2.4064
4.45    2.45274
4.46    2.50011
4.47    2.5485
4.48    2.59789
4.49    2.64824
4.5    2.69953
4.51    2.75172
4.52    2.80476
4.53    2.85861
4.54    2.91321
4.55    2.96851
4.56    3.02445
4.57    3.08097
4.58    3.13799
4.59    3.19544
4.6    3.25324
4.61    3.3113
4.62    3.36955
4.63    3.42786
4.64    3.48616
4.65    3.54433
4.66    3.60225
4.67    3.65981
4.68    3.71688
4.69    3.77333
4.7    3.82903
4.71    3.88384
4.72    3.9376
4.73    3.99018
4.74    4.04141
4.75    4.09113
4.76    4.13918
4.77    4.18539
4.78    4.22959
4.79    4.27161
4.8    4.31128
4.81    4.34841
4.82    4.38283
4.83    4.41436
4.84    4.44284
4.85    4.46807
4.86    4.4899
4.87    4.50815
4.88    4.52267
4.89    4.53328
4.9    4.53986
4.91    4.54224
4.92    4.54029
4.93    4.5339
4.94    4.52294
4.95    4.50731
4.96    4.48693
4.97    4.46171
4.98    4.43159
4.99    4.39654
5    4.35652
5.01    4.31152
5.02    4.26155
5.03    4.20664
5.04    4.14683
5.05    4.08219
5.06    4.0128
5.07    3.93879
5.08    3.86026
5.09    3.77739
5.1    3.69034
5.11    3.59931
5.12    3.50451
5.13    3.40619
5.14    3.30459
5.15    3.20001
5.16    3.09272
5.17    2.98306
5.18    2.87135
5.19    2.75794
5.2    2.64319
5.21    2.52748
5.22    2.4112
5.23    2.29474
5.24    2.17852
5.25    2.06294
5.26    1.94842
5.27    1.83539
5.28    1.72427
5.29    1.61547
5.3    1.50942
5.31    1.40652
5.32    1.30719
5.33    1.2118
5.34    1.12076
5.35    1.03442
5.36    0.953143
5.37    0.877257
5.38    0.807081
5.39    0.742908
5.4    0.685008
5.41    0.633625
5.42    0.588979
5.43    0.55126
5.44    0.520631
5.45    0.497221
5.46    0.481131
5.47    0.472429
5.48    0.471151
5.49    0.477298
5.5    0.490839
5.51    0.511709
5.52    0.53981
5.53    0.57501
5.54    0.617143
5.55    0.666014
5.56    0.721393
5.57    0.783021
5.58    0.850609
5.59    0.923839
5.6    1.00237
5.61    1.08582
5.62    1.17382
5.63    1.26593
5.64    1.36172
5.65    1.46075
5.66    1.56253
5.67    1.6666
5.68    1.77244
5.69    1.87957
5.7    1.98746
5.71    2.09561
5.72    2.2035
5.73    2.31061
5.74    2.41643
5.75    2.52046
5.76    2.62219
5.77    2.72114
5.78    2.81684
5.79    2.90882
5.8    2.99664
5.81    3.07989
5.82    3.15816
5.83    3.23107
5.84    3.29827
5.85    3.35944
5.86    3.41429
5.87    3.46254
5.88    3.50397
5.89    3.53837
5.9    3.56558
5.91    3.58547
5.92    3.59793
5.93    3.60291
5.94    3.60038
5.95    3.59035
5.96    3.57286
5.97    3.54801
5.98    3.5159
5.99    3.47669
6    3.43056
6.01    3.37774
6.02    3.31847
6.03    3.25305
6.04    3.18177
6.05    3.10499
6.06    3.02308
6.07    2.93641
6.08    2.84541
6.09    2.75051
6.1    2.65218
6.11    2.55087
6.12    2.44707
6.13    2.34129
6.14    2.23403
6.15    2.1258
6.16    2.01712
6.17    1.90852
6.18    1.80051
6.19    1.69361
6.2    1.58833
6.21    1.48519
6.22    1.38467
6.23    1.28725
6.24    1.19341
6.25    1.1036
6.26    1.01823
6.27    0.937737
6.28    0.86249
6.29    0.792854
6.3    0.729164
6.31    0.671725
6.32    0.620813
6.33    0.576671
6.34    0.539512
6.35    0.509514
6.36    0.486822
6.37    0.471542
6.38    0.46375
6.39    0.463483
6.4    0.470741
6.41    0.48549
6.42    0.50766
6.43    0.537143
6.44    0.573798
6.45    0.61745
6.46    0.667889
6.47    0.724873
6.48    0.788128
6.49    0.857351
6.5    0.93221
6.51    1.01235
6.52    1.09737
6.53    1.18688
6.54    1.28045
6.55    1.37762
6.56    1.47793
6.57    1.5809
6.58    1.68603
6.59    1.79283
6.6    1.90076
6.61    2.00933
6.62    2.11801
6.63    2.22627
6.64    2.3336
6.65    2.43948
6.66    2.5434
6.67    2.64487
6.68    2.7434
6.69    2.83851
6.7    2.92976
6.71    3.01669
6.72    3.0989
6.73    3.17599
6.74    3.24758
6.75    3.31335
6.76    3.37296
6.77    3.42614
6.78    3.47263
6.79    3.5122
6.8    3.54467
6.81    3.56988
6.82    3.58771
6.83    3.59807
6.84    3.60092
6.85    3.59624
6.86    3.58405
6.87    3.56442
6.88    3.53743
6.89    3.50321
6.9    3.46193
6.91    3.4138
6.92    3.35903
6.93    3.29789
6.94    3.23067
6.95    3.15771
6.96    3.07934
6.97    2.99594
6.98    2.90792
6.99    2.81569
7    2.7197
7.01    2.62042
7.02    2.5183
7.03    2.41386
7.04    2.30758
7.05    2.19997
7.06    2.09156
7.07    1.98286
7.08    1.8744
7.09    1.76669
7.1    1.66026
7.11    1.55561
7.12    1.45324
7.13    1.35365
7.14    1.25731
7.15    1.1647
7.16    1.07624
7.17    0.992364
7.18    0.913479
7.19    0.83996
7.2    0.77216
7.21    0.710405
7.22    0.654991
7.23    0.606184
7.24    0.564218
7.25    0.529294
7.26    0.50158
7.27    0.481209
7.28    0.468279
7.29    0.462851
7.3    0.464953
7.31    0.474573
7.32    0.491666
7.33    0.516149
7.34    0.547905
7.35    0.586782
7.36    0.632593
7.37    0.685118
7.38    0.744106
7.39    0.809272
7.4    0.880306
7.41    0.956864
7.42    1.03858
7.43    1.12506
7.44    1.2159
7.45    1.31065
7.46    1.40886
7.47    1.51006
7.48    1.61376
7.49    1.71947
7.5    1.82668
7.51    1.93487
7.52    2.04353
7.53    2.15213
7.54    2.26016
7.55    2.36708
7.56    2.4724
7.57    2.57561
7.58    2.67621
7.59    2.77371
7.6    2.86765
7.61    2.95759
7.62    3.04308
7.63    3.12372
7.64    3.19912
7.65    3.26891
7.66    3.33278
7.67    3.39039
7.68    3.44149
7.69    3.48583
7.7    3.52319
7.71    3.55339
7.72    3.57629
7.73    3.59178
7.74    3.59978
7.75    3.60026
7.76    3.59321
7.77    3.57867
7.78    3.55671
7.79    3.52743
7.8    3.49098
7.81    3.44752
7.82    3.39727
7.83    3.34047
7.84    3.27738
7.85    3.20832
7.86    3.13362
7.87    3.05363
7.88    2.96873
7.89    2.87934
7.9    2.78588
7.91    2.68881
7.92    2.58858
7.93    2.48568
7.94    2.3806
7.95    2.27385
7.96    2.16593
7.97    2.05737
7.98    1.9487
7.99    1.84041
8    1.73305
8.01    1.62712
8.02    1.52314
8.03    1.42159
8.04    1.32297
8.05    1.22776
8.06    1.1364
8.07    1.04934
8.08    0.966993
8.09    0.889756
8.1    0.818
8.11    0.752068
8.12    0.692277
8.13    0.638914
8.14    0.592235
8.15    0.552464
8.16    0.519792
8.17    0.494375
8.18    0.476336
8.19    0.465761
8.2    0.462701
8.21    0.46717
8.22    0.479147
8.23    0.498575
8.24    0.525361
8.25    0.559375
8.26    0.600455
8.27    0.648403
8.28    0.70299
8.29    0.763953
8.3    0.831
8.31    0.90381
8.32    0.982032
8.33    1.06529
8.34    1.15319
8.35    1.2453
8.36    1.34119
8.37    1.44039
8.38    1.54243
8.39    1.64682
8.4    1.75306
8.41    1.86063
8.42    1.96903
8.43    2.07772
8.44    2.1862
8.45    2.29393
8.46    2.40041
8.47    2.50512
8.48    2.60756
8.49    2.70723
8.5    2.80367
8.51    2.8964
8.52    2.98498
8.53    3.06899
8.54    3.14802
8.55    3.22169
8.56    3.28966
8.57    3.35159
8.58    3.40718
8.59    3.45618
8.6    3.49834
8.61    3.53347
8.62    3.56138
8.63    3.58196
8.64    3.5951
8.65    3.60074
8.66    3.59885
8.67    3.58945
8.68    3.57256
8.69    3.54829
8.7    3.51673
8.71    3.47805
8.72    3.43243
8.73    3.3801
8.74    3.32129
8.75    3.25629
8.76    3.18542
8.77    3.10901
8.78    3.02743
8.79    2.94108
8.8    2.85036
8.81    2.75571
8.82    2.65759
8.83    2.55647
8.84    2.45283
8.85    2.34717
8.86    2.24
8.87    2.13183
8.88    2.02318
8.89    1.91457
8.9    1.80652
8.91    1.69955
8.92    1.59418
8.93    1.49091
8.94    1.39023
8.95    1.29263
8.96    1.19858
8.97    1.10853
8.98    1.02291
8.99    0.942128
9    0.866576
9.01    0.796616
9.02    0.732584
9.03    0.674785
9.04    0.623499
9.05    0.57897
9.06    0.541413
9.07    0.511008
9.08    0.4879
9.09    0.472202
9.1    0.463987
9.11    0.463295
9.12    0.47013
9.13    0.484459
9.14    0.506213
9.15    0.535288
9.16    0.571544
9.17    0.614807
9.18    0.66487
9.19    0.721492
9.2    0.784402
9.21    0.853298
9.22    0.927849
9.23    1.0077
9.24    1.09246
9.25    1.18173
9.26    1.27508
9.27    1.37206
9.28    1.47221
9.29    1.57504
9.3    1.68006
9.31    1.78678
9.32    1.89466
9.33    2.00321
9.34    2.11189
9.35    2.22019
9.36    2.32759
9.37    2.43356
9.38    2.53761
9.39    2.63923
9.4    2.73794
9.41    2.83326
9.42    2.92473
9.43    3.01192
9.44    3.0944
9.45    3.17179
9.46    3.2437
9.47    3.3098
9.48    3.36977
9.49    3.42332
9.5    3.47019
9.51    3.51016
9.52    3.54303
9.53    3.56865
9.54    3.5869
9.55    3.59769
9.56    3.60096
9.57    3.5967
9.58    3.58494
9.59    3.56572
9.6    3.53914
9.61    3.50533
9.62    3.46444
9.63    3.41668
9.64    3.36228
9.65    3.30149
9.66    3.23461
9.67    3.16196
9.68    3.08389
9.69    3.00076
9.7    2.91299
9.71    2.82099
9.72    2.7252
9.73    2.62609
9.74    2.52412
9.75    2.41979
9.76    2.3136
9.77    2.20606
9.78    2.09768
9.79    1.98898
9.8    1.88049
9.81    1.77273
9.82    1.66621
9.83    1.56144
9.84    1.45894
9.85    1.35918
9.86    1.26264
9.87    1.1698
9.88    1.0811
9.89    0.996957
9.9    0.917781
9.91    0.84395
9.92    0.77582
9.93    0.713716
9.94    0.657938
9.95    0.608752
9.96    0.566395
9.97    0.53107
9.98    0.502946
9.99    0.482159
10    0
10.01    0
