1        2.67939e-014         0 
1.1        4.26025e-014         0 
1.2        6.81599e-014         0 
1.3        1.09763e-013         0 
1.4        1.77977e-013         0 
1.5        2.90681e-013         0 
1.6        4.78402e-013         0 
1.7        7.93755e-013         0 
1.8        1.32835e-012         0 
1.9        2.24341e-012         0 
2        3.82597e-012         0 
2.1        6.59333e-012         0 
2.2        1.14903e-011         0 
2.3        2.02673e-011         0 
2.4        3.62182e-011         0 
2.5        6.56461e-011         0 
2.6        1.20839e-010         0 
2.7        2.26241e-010         0 
2.8        4.31594e-010         0 
2.9        8.40681e-010         0 
3        1.67626e-009         0 
3.1        3.43205e-009         0 
3.2        7.24355e-009         0 
3.3        1.58372e-008         0 
3.4        3.61028e-008         0 
3.5        8.65637e-008         0 
3.6        2.21014e-007         0 
3.7        6.12014e-007         0 
3.8        1.8927e-006         0 
3.9        6.88176e-006         0 
4        3.25412e-005         0 
4.1        0.000158708         0 
4.2        0.000429157         0 
4.3        0.000712276         0 
4.4        0.00105039         0 
4.5        0.00145155         0 
4.6        0.00192485         0 
4.7        0.00248042         0 
4.8        0.00312951         0 
4.9        0.00388472         0 
5        0.00476231         0 
5.1        0.00577518         0 
5.2        0.00694177         0 
5.3        0.00828184         0 
5.4        0.00981586         0 
5.5        0.0115677         0 
5.6        0.0135629         0 
5.7        0.0158293         0 
5.8        0.0183973         0 
5.9        0.0212995         0 
6        0.0245694         0 
6.1        0.0282485         0 
6.2        0.032375         0 
6.3        0.0369892         0 
6.4        0.0421397         0 
6.5        0.0478695         0 
6.6        0.0542286         0 
6.7        0.0612643         0 
6.8        0.0690259         0 
6.9        0.0775628         0 
7        0.0869162         0 
7.1        0.0971346         0 
7.2        0.108257         0 
7.3        0.120318         0 
7.4        0.133343         0 
7.5        0.147359         0 
7.6        0.16236         0 
7.7        0.178374         0 
7.8        0.195358         0 
7.9        0.213307         0 
8        0.232162         0 
8.1        0.251901         0 
8.2        0.272424         0 
8.3        0.293673         0 
8.4        0.31552         0 
8.5        0.337918         0 
8.6        0.360702         0 
8.7        0.383801         0 
8.8        0.407058         0 
8.9        0.430356         0 
9        0.453565         0 
9.1        0.476565         1 
9.2        0.499281         1 
9.3        0.521585         1 
9.4        0.5434         1 
9.5        0.564566         1 
9.6        0.585165         1 
9.7        0.604958         1 
9.8        0.624019         1 
9.9        0.642265         1 
10        0.659667         1 
10.1        0.676248         1 
10.2        0.691959         1 
10.3        0.706842         1 
10.4        0.720884         1 
10.5        0.734117         1 
10.6        0.746571         1 
10.7        0.758251         1 
10.8        0.7692         1 
10.9        0.779454         1 
11        0.789036         1 
11.1        0.797989         1 
11.2        0.80635         1 
11.3        0.81415         1 
11.4        0.821424         1 
11.5        0.828196         1 
11.6        0.834529         1 
11.7        0.840417         1 
11.8        0.845906         1 
11.9        0.851089         1 
12        0.855815         1 
12.1        0.86029         1 
12.2        0.864449         1 
12.3        0.868334         1 
12.4        0.871979         1 
12.5        0.875387         1 
12.6        0.878575         1 
12.7        0.881563         1 
12.8        0.884362         1 
12.9        0.887         1 
13        0.889471         1 
13.1        0.891794         1 
13.2        0.893987         1 
13.3        0.896046         1 
13.4        0.898002         1 
13.5        0.899844         1 
13.6        0.901584         1 
13.7        0.903239         1 
13.8        0.904814         1 
13.9        0.906293         1 
14        0.907708         1 
14.1        0.909054         1 
14.2        0.910337         1 
14.3        0.911562         1 
14.4        0.912729         1 
14.5        0.913849         1 
14.6        0.914927         1 
14.7        0.915955         1 
14.8        0.916944         1 
14.9        0.917892         1 
15        0.918797         1 
