0.1          4.76872e-038         2.97503e-016
0.2          2.20628e-018         1.15453e-010
0.3          7.8845e-012         1.72969e-007
0.4          1.48921e-008         8.49979e-006
0.5          1.37576e-006         0.000104186
0.6          2.81105e-005         0.000625235
0.7          0.000242516         0.00244608
0.8          0.00122045         0.00720554
0.9          0.00428698         0.0173567
1          0.0117051         0.0360105
1.1          0.026603         0.0666379
1.2          0.0526786         0.112726
1.3          0.0938026         0.177465
1.4          0.153633         0.263519
1.5          0.235314         0.372884
1.6          0.341284         0.506828
1.7          0.473187         0.665907
1.8          0.631876         0.850024
1.9          0.817464         1.05851
