0.01 0.999933 0.0066664 -49.99 -50.9899
0.161414 0.982721 0.106492 -2.9376 -3.92033
0.312828 0.936024 0.200502 -1.29557 -2.23159
0.464242 0.862387 0.283622 -0.645189 -1.50758
0.615657 0.76579 0.351486 -0.270443 -1.03623
0.767071 0.651393 0.40071 -0.0238874 -0.67528
0.918485 0.525204 0.429101 0.143193 -0.382011
1.0699 0.3937 0.435785 0.251795 -0.141905
1.22131 0.263416 0.421237 0.313395 0.0499793
1.37273 0.140544 0.387223 0.336031 0.195487
1.52414 0.0305662 0.336654 0.326626 0.29606
1.67556 -0.0620657 0.273362 0.291883 0.353948
1.82697 -0.134163 0.201819 0.238536 0.372699
1.97838 -0.18395 0.126819 0.173308 0.357258
2.1298 -0.211107 0.0531441 0.102704 0.313811
2.28121 -0.216722 -0.014755 0.0327465 0.249468
2.43263 -0.203142 -0.0730509 -0.0312972 0.171845
2.58404 -0.173751 -0.118774 -0.0851542 0.0885964
2.73545 -0.132675 -0.149979 -0.125728 0.00694706
2.88687 -0.0844679 -0.165834 -0.151204 -0.0667364
3.03828 -0.0337613 -0.166622 -0.161066 -0.127305
3.1897 0.0150579 -0.153669 -0.15603 -0.171088
3.34111 0.058144 -0.129192 -0.137894 -0.196038
3.49253 0.0924321 -0.096092 -0.109325 -0.201757
3.64394 0.115808 -0.0577038 -0.0735944 -0.189403
3.79535 0.127201 -0.0175271 -0.0342845 -0.161485
3.94677 0.126587 0.0210464 0.00500959 -0.121577
4.09818 0.114924 0.0549824 0.0409611 -0.0739628
4.2496 0.0940058 0.0818163 0.0707557 -0.0232501
4.40101 0.0662663 0.0998111 0.0922826 0.0260163
4.55242 0.034542 0.108052 0.104258 0.0697165
4.70384 0.0018177 0.106474 0.106281 0.104463
4.85525 -0.0290258 0.095817 0.0988061 0.127832
5.00667 -0.0554421 0.0775268 0.0830636 0.138506
5.15808 -0.07541 0.0535981 0.0609079 0.136318
5.30949 -0.087572 0.0263843 0.034631 0.122203
5.46091 -0.0913109 -0.00161344 0.00674698 0.0980579
5.61232 -0.0867624 -0.0279596 -0.0202299 0.0665325
5.76374 -0.0747644 -0.0504826 -0.0439968 0.0307676
5.91515 -0.0567508 -0.0674425 -0.0626454 -0.00589467
6.06657 -0.0346006 -0.0776561 -0.0748043 -0.0402038
6.21798 -0.0104569 -0.08057 -0.0797292 -0.0692722
6.36939 0.0134679 -0.0762792 -0.0773365 -0.0908043
6.52081 0.0350844 -0.06549 -0.0681802 -0.103265
6.67222 0.0525993 -0.0494339 -0.0533755 -0.105975
6.82364 0.0646563 -0.0297405 -0.0344781 -0.0991345
6.97505 0.0704335 -0.00828262 -0.0133316 -0.0837651
7.12646 0.0696914 0.0129935 0.00810388 -0.0615876
7.27788 0.0627698 0.0322376 0.0279253 -0.0348446
7.42929 0.0505344 0.0478501 0.0444491 -0.00608528
7.58071 0.0342806 0.0586096 0.0563485 0.0220679
7.73212 0.0156047 0.0637633 0.0627542 0.0471495
7.88354 -0.00374661 0.0630749 0.0633126 0.0670592
8.03495 -0.0220341 0.0568254 0.0581966 0.0802306
8.18636 -0.0376769 0.0457704 0.0480716 0.0857484
8.33778 -0.049385 0.0310574 0.0340189 0.0834039
8.48919 -0.0562613 0.0141131 0.0174268 0.0736881
8.64061 -0.0578661 -0.00349042 -0.000141919 0.0577242
8.79202 -0.0542402 -0.0201775 -0.0170928 0.0371474
8.94343 -0.0458845 -0.0345058 -0.0319406 0.0139439
9.09485 -0.0337007 -0.0452882 -0.0434355 -0.00973481
9.24626 -0.0188992 -0.0516878 -0.0506658 -0.0317666
9.39768 -0.00288241 -0.0532799 -0.0531265 -0.0502441
9.54909 0.0128846 -0.0500763 -0.050751 -0.0636356
9.70051 0.0270051 -0.0425111 -0.0439031 -0.0709082
9.85192 0.0382717 -0.0313892 -0.0333316 -0.0716033
10.0033 0.045767 -0.0178051 -0.0200926 -0.0658597
10.1547 0.0489358 -0.00303772 -0.00544722 -0.054383
10.3062 0.0476235 0.0115667 0.00925631 -0.0383671
10.4576 0.0420778 0.0247157 0.0227039 -0.0193739
10.609 0.0329158 0.0352822 0.0337309 0.000815089
10.7604 0.0210582 0.0423995 0.041421 0.0203628
10.9118 0.00763988 0.0455306 0.0451805 0.0375406
11.0632 -0.00609693 0.0445061 0.0447816 0.0508785
11.2146 -0.0189154 0.0395298 0.0403731 0.0592886
11.3661 -0.0296939 0.0311506 0.0324568 0.0621507
11.5175 -0.0375222 0.0202048 0.0218337 0.0593559
11.6689 -0.0417769 0.00773499 0.00952509 0.051302
11.8203 -0.0421693 -0.00510771 -0.00332394 0.0388454
11.9717 -0.0387627 -0.0171682 -0.0155493 0.0232134
12.1231 -0.0319575 -0.0273899 -0.0260718 0.00588569
12.2745 -0.0224478 -0.0349058 -0.0339913 -0.0115435
12.426 -0.0111519 -0.0391109 -0.0386621 -0.0275102
12.5774 0.000874764 -0.0397095 -0.0397443 -0.0406191
12.7288 0.0125366 -0.0367343 -0.0372268 -0.0497634
12.8802 0.0227968 -0.0305354 -0.0314204 -0.0542172
13.0316 0.030768 -0.0217422 -0.0229227 -0.0536907
13.183 0.0357882 -0.0112007 -0.0125581 -0.0483463
13.3344 0.0374744 0.000106215 -0.00129896 -0.0387733
13.4859 0.0357506 0.0111497 0.00982424 -0.0259264
13.6373 0.0308477 0.0209473 0.0198163 -0.0110314
13.7887 0.023276 0.0286493 0.0278053 0.00452934
13.9401 0.0137735 0.0336118 0.0331178 0.0193443
14.0915 0.00323517 0.0354493 0.0353346 0.0320994
14.2429 -0.00737035 0.034064 0.0343227 0.0416931
14.3943 -0.0170891 0.0296478 0.0302414 0.0473305
14.5458 -0.0250664 0.02266 0.0235216 0.048588
14.6972 -0.0306217 0.0137799 0.0148217 0.0454434
14.8486 -0.0333053 0.00384259 0.00496408 0.0382694
15 -0.0329344 -0.00623953 -0.00514171 0.0277927
